0.00, 0.00, 118.33
0.00, 0.20, 118.34
0.00, 0.40, 118.34
0.00, 0.60, 118.60
0.00, 0.80, 118.93
0.00, 1.00, 110.54
0.00, 1.20, 109.63
0.00, 1.40, 108.87
0.00, 1.60, 112.02
0.00, 1.80, 107.74
0.00, 2.00, 107.34
0.00, 2.20, 108.63
0.00, 2.40, 103.79
0.00, 2.60, 108.69
0.00, 2.80, 111.32
0.00, 3.00, 106.26
0.00, 3.20, 107.50
0.00, 3.40, 107.50
0.00, 3.60, 107.02
0.00, 3.80, 95.87
0.00, 4.00, 103.18
0.00, 4.20, 89.83
0.00, 4.40, 102.23
0.00, 4.60, 106.39
0.00, 4.80, 106.42
0.00, 5.00, 92.98
0.00, 5.20, 106.32
0.00, 5.40, 106.22
0.00, 5.60, 106.22
0.00, 5.80, 92.92
0.00, 6.00, 93.35
0.00, 6.20, 106.59
0.00, 6.40, 103.00
0.00, 6.60, 102.99
0.00, 6.80, 102.99
0.00, 7.00, 91.69
0.00, 7.20, 92.63
0.00, 7.40, 103.97
0.00, 7.60, 111.92
0.00, 7.80, 113.68
0.00, 8.00, 113.59
0.00, 8.20, 113.59
0.00, 8.40, 113.59
0.00, 8.60, 106.08
0.00, 8.80, 114.70
0.00, 9.00, 114.70
0.00, 9.20, 114.70
0.00, 9.40, 114.70
0.00, 9.60, 114.70
0.00, 9.80, 117.46
0.00, 10.00, 117.46
0.00, 10.20, 116.74
0.00, 10.40, 116.74
0.00, 10.60, 116.74
0.00, 10.80, 116.74
0.00, 11.00, 116.74
0.00, 11.20, 116.74
0.00, 11.40, 117.98
0.00, 11.60, 117.98
0.00, 11.80, 117.98
0.00, 12.00, 117.98
0.00, 12.20, 117.98
0.00, 12.40, 117.98
0.00, 12.60, 117.98
0.00, 12.80, 117.98
0.00, 13.00, 117.98
0.00, 13.20, 117.98
0.00, 13.40, 120.52
0.00, 13.60, 120.52
0.00, 13.80, 120.52
0.00, 14.00, 120.52
0.00, 14.20, 120.52
0.00, 14.40, 120.52
0.00, 14.60, 120.52
0.00, 14.80, 120.52
0.00, 15.00, 120.52
0.00, 15.20, 120.52
0.00, 15.40, 120.52
0.00, 15.60, 120.52
0.00, 15.80, 120.52
0.00, 16.00, 120.52
0.00, 16.20, 120.52
0.00, 16.40, 120.52
0.00, 16.60, 120.52
0.00, 16.80, 120.52
0.00, 17.00, 120.52
0.00, 17.20, 120.52
0.00, 17.40, 120.52
0.00, 17.60, 120.52
0.00, 17.80, 120.52
0.00, 18.00, 120.52
0.00, 18.20, 120.52
0.00, 18.40, 120.52
0.00, 18.60, 119.88
0.00, 18.80, 119.88
0.00, 19.00, 119.88
0.00, 19.20, 119.88
0.00, 19.40, 119.88
0.00, 19.60, 119.88
0.00, 19.80, 119.88
0.00, 20.00, 119.88
0.00, 20.20, 119.88
0.00, 20.40, 119.88
0.00, 20.60, 119.88
0.00, 20.80, 125.12
0.00, 21.00, 124.98
0.00, 21.20, 124.98
0.00, 21.40, 124.98
0.00, 21.60, 124.98
0.00, 21.80, 124.98
0.00, 22.00, 124.98
0.00, 22.20, 124.98
0.00, 22.40, 124.98
0.00, 22.60, 124.98
0.00, 22.80, 124.98
0.00, 23.00, 124.98
0.00, 23.20, 124.98
0.00, 23.40, 124.98
0.00, 23.60, 124.98
0.00, 23.80, 124.98
0.00, 24.00, 124.98
0.00, 24.20, 124.98
0.00, 24.40, 124.98
0.00, 24.60, 124.98
0.00, 24.80, 124.98
0.00, 25.00, 124.98
0.00, 25.20, 124.98
0.00, 25.40, 124.98
0.00, 25.60, 124.98
0.00, 25.80, 124.98
0.00, 26.00, 124.98
0.00, 26.20, 124.98
0.00, 26.40, 124.98
0.00, 26.60, 124.98
0.00, 26.80, 124.98
0.00, 27.00, 124.98
0.00, 27.20, 124.98
0.00, 27.40, 124.98
0.00, 27.60, 124.98
0.00, 27.80, 124.98
0.00, 28.00, 124.98
0.00, 28.20, 124.98
0.00, 28.40, 124.98
0.00, 28.60, 124.98
0.00, 28.80, 124.98
0.00, 29.00, 124.98
0.00, 29.20, 124.98
0.00, 29.40, 124.98
0.00, 29.60, 124.98
0.00, 29.80, 124.98
0.00, 30.00, 124.98
0.00, 30.20, 124.98
0.00, 30.40, 124.98
0.00, 30.60, 124.98
0.00, 30.80, 124.98
0.00, 31.00, 124.98
0.00, 31.20, 124.98
0.00, 31.40, 124.98
0.00, 31.60, 124.98
0.00, 31.80, 124.98
0.00, 32.00, 124.98
0.00, 32.20, 124.98
0.00, 32.40, 124.98
0.00, 32.60, 124.98
0.00, 32.80, 124.98
0.00, 33.00, 124.98
0.00, 33.20, 124.98
0.00, 33.40, 124.98
0.00, 33.60, 124.98
0.00, 33.80, 124.98
0.00, 34.00, 124.98
0.00, 34.20, 124.98
0.00, 34.40, 124.98
0.00, 34.60, 124.98
0.00, 34.80, 124.98
0.00, 35.00, 124.98
0.00, 35.20, 124.98
0.00, 35.40, 124.98
0.00, 35.60, 124.98
0.00, 35.80, 124.98
0.00, 36.00, 124.98
0.00, 36.20, 124.98
0.00, 36.40, 124.98
0.00, 36.60, 124.98
0.00, 36.80, 124.98
0.00, 37.00, 124.98
0.00, 37.20, 124.98
0.00, 37.40, 124.98
0.00, 37.60, 124.98
0.00, 37.80, 124.98
0.00, 38.00, 124.98
0.00, 38.20, 124.98
0.00, 38.40, 124.98
0.00, 38.60, 124.98
0.00, 38.80, 124.98
0.00, 39.00, 124.98
0.00, 39.20, 124.98
0.00, 39.40, 124.98
0.00, 39.60, 124.98
0.00, 39.80, 124.98
0.00, 40.00, 124.98
0.00, 40.20, 124.98
0.00, 40.40, 124.98
0.00, 40.60, 124.98
0.00, 40.80, 124.98
0.00, 41.00, 124.98
0.00, 41.20, 124.98
0.00, 41.40, 124.98
0.00, 41.60, 91.66
0.00, 41.80, 91.66
0.00, 42.00, 91.66
0.00, 42.20, 91.66
0.00, 42.40, 91.66
0.00, 42.60, 86.96
0.00, 42.80, 86.96
0.00, 43.00, 86.96
0.00, 43.20, 86.96
0.00, 43.40, 86.96
0.00, 43.60, 86.96
0.00, 43.80, 86.96
0.00, 44.00, 86.96
0.00, 44.20, 86.94
0.00, 44.40, 86.94
0.00, 44.60, 86.94
0.00, 44.80, 86.94
0.00, 45.00, 86.94
0.00, 45.20, 86.94
0.00, 45.40, 86.94
0.00, 45.60, 86.94
0.00, 45.80, 86.94
0.00, 46.00, 86.94
0.00, 46.20, 86.94
0.00, 46.40, 86.94
0.00, 46.60, 86.94
0.00, 46.80, 86.94
0.00, 47.00, 86.94
0.00, 47.20, 86.94
0.00, 47.40, 86.94
0.00, 47.60, 86.94
0.00, 47.80, 86.94
0.00, 48.00, 86.94
0.00, 48.20, 86.94
0.00, 48.40, 86.94
0.00, 48.60, 86.94
0.00, 48.80, 86.94
0.00, 49.00, 86.94
0.00, 49.20, 86.94
0.00, 49.40, 86.94
0.00, 49.60, 86.94
0.00, 49.80, 86.94
0.00, 50.00, 86.94
0.00, 50.20, 86.94
0.00, 50.40, 86.94
0.00, 50.60, 86.94
0.00, 50.80, 86.94
0.00, 51.00, 86.94
0.00, 51.20, 63.57
0.00, 51.40, 63.57
0.00, 51.60, 63.57
0.00, 51.80, 63.57
0.00, 52.00, 63.57
0.00, 52.20, 63.57
0.00, 52.40, 63.55
0.00, 52.60, 63.55
0.00, 52.80, 63.55
0.00, 53.00, 63.55
0.00, 53.20, 63.55
0.00, 53.40, 63.55
0.00, 53.60, 63.55
0.00, 53.80, 63.55
0.00, 54.00, 63.55
0.00, 54.20, 63.55
0.00, 54.40, 63.55
0.00, 54.60, 63.55
0.00, 54.80, 63.55
0.00, 55.00, 63.55
0.00, 55.20, 63.55
0.00, 55.40, 63.55
0.00, 55.60, 63.55
0.00, 55.80, 63.55
0.00, 56.00, 63.55
0.00, 56.20, 63.55
0.00, 56.40, 63.55
0.00, 56.60, 63.55
0.00, 56.80, 63.55
0.00, 57.00, 63.55
0.00, 57.20, 63.55
0.00, 57.40, 63.55
0.00, 57.60, 63.55
0.00, 57.80, 63.55
0.00, 58.00, 63.55
0.00, 58.20, 63.55
0.00, 58.40, 63.55
0.00, 58.60, 63.55
0.00, 58.80, 63.55
0.00, 59.00, 63.55
0.00, 59.20, 63.55
0.00, 59.40, 63.55
0.00, 59.60, 63.55
0.00, 59.80, 63.55
0.00, 60.00, 63.55
0.00, 60.20, 63.55
0.00, 60.40, 63.55
0.00, 60.60, 63.55
0.00, 60.80, 63.55
0.00, 61.00, 63.55
0.00, 61.20, 63.55
0.00, 61.40, 63.55
0.00, 61.60, 63.55
0.00, 61.80, 63.55
0.00, 62.00, 63.55
0.00, 62.20, 63.55
0.00, 62.40, 63.55
0.00, 62.60, 63.55
0.00, 62.80, 63.55
0.00, 63.00, 63.55
0.00, 63.20, 63.55
0.00, 63.40, 63.55
0.00, 63.60, 63.55
0.00, 63.80, 63.55
0.00, 64.00, 63.55
0.00, 64.20, 63.55
0.00, 64.40, 63.55
0.00, 64.60, 63.55
0.00, 64.80, 63.55
0.00, 65.00, 63.55
0.00, 65.20, 63.55
0.00, 65.40, 63.55
0.00, 65.60, 63.55
0.00, 65.80, 63.55
0.00, 66.00, 63.55
0.00, 66.20, 63.55
0.00, 66.40, 63.55
0.00, 66.60, 63.55
0.00, 66.80, 63.55
0.00, 67.00, 63.55
0.00, 67.20, 63.55
0.00, 67.40, 63.55
0.00, 67.60, 63.55
0.00, 67.80, 63.55
0.00, 68.00, 63.55
0.00, 68.20, 63.55
0.00, 68.40, 63.55
0.00, 68.60, 63.55
0.00, 68.80, 63.55
0.00, 69.00, 63.55
0.00, 69.20, 63.55
0.00, 69.40, 63.55
0.00, 69.60, 63.55
0.00, 69.80, 63.55
0.00, 70.00, 63.55
0.00, 70.20, 63.55
0.00, 70.40, 63.55
0.00, 70.60, 63.55
0.00, 70.80, 63.55
0.00, 71.00, 63.55
0.00, 71.20, 63.55
0.00, 71.40, 63.55
0.00, 71.60, 63.55
0.00, 71.80, 63.55
0.00, 72.00, 63.55
0.00, 72.20, 63.55
0.00, 72.40, 63.55
0.00, 72.60, 63.55
0.00, 72.80, 63.55
0.00, 73.00, 63.55
0.00, 73.20, 63.55
0.00, 73.40, 63.55
0.00, 73.60, 63.55
0.00, 73.80, 63.55
0.00, 74.00, 63.55
0.00, 74.20, 63.55
0.00, 74.40, 63.55
0.00, 74.60, 63.55
0.00, 74.80, 63.55
0.00, 75.00, 63.55
0.00, 75.20, 63.55
0.00, 75.40, 63.55
0.00, 75.60, 63.55
0.00, 75.80, 63.55
0.00, 76.00, 63.75
0.00, 76.20, 63.75
0.00, 76.40, 63.75
0.00, 76.60, 63.75
0.00, 76.80, 63.75
0.00, 77.00, 63.75
0.00, 77.20, 63.75
0.00, 77.40, 63.75
0.00, 77.60, 63.75
0.00, 77.80, 63.75
0.00, 78.00, 63.75
0.00, 78.20, 63.75
0.00, 78.40, 63.75
0.00, 78.60, 63.75
0.00, 78.80, 63.75
0.00, 79.00, 63.75
0.00, 79.20, 63.75
0.00, 79.40, 63.75
0.00, 79.60, 63.75
0.00, 79.80, 63.75
0.00, 80.00, 63.75
0.00, 80.20, 63.75
0.00, 80.40, 63.75
0.00, 80.60, 63.75
0.00, 80.80, 63.75
0.00, 81.00, 63.75
0.00, 81.20, 63.75
0.00, 81.40, 63.75
0.00, 81.60, 63.75
0.00, 81.80, 63.75
0.00, 82.00, 63.75
0.00, 82.20, 63.75
0.00, 82.40, 63.75
0.00, 82.60, 63.75
0.00, 82.80, 63.75
0.00, 83.00, 63.75
0.00, 83.20, 63.75
0.00, 83.40, 63.75
0.00, 83.60, 63.75
0.00, 83.80, 63.75
0.00, 84.00, 63.75
0.00, 84.20, 63.75
0.00, 84.40, 63.75
0.00, 84.60, 63.75
0.00, 84.80, 63.75
0.00, 85.00, 63.75
0.00, 85.20, 63.75
0.00, 85.40, 63.75
0.00, 85.60, 63.75
0.00, 85.80, 63.75
0.00, 86.00, 63.75
0.00, 86.20, 63.75
0.00, 86.40, 63.75
0.00, 86.60, 63.75
0.00, 86.80, 63.75
0.00, 87.00, 63.75
0.00, 87.20, 63.75
0.00, 87.40, 63.75
0.00, 87.60, 63.75
0.00, 87.80, 63.75
0.00, 88.00, 63.75
0.00, 88.20, 63.75
0.00, 88.40, 63.75
0.00, 88.60, 63.75
0.00, 88.80, 63.75
0.00, 89.00, 63.75
0.00, 89.20, 63.75
0.00, 89.40, 63.75
0.00, 89.60, 63.75
0.00, 89.80, 63.75
0.00, 90.00, 64.96
0.00, 90.20, 64.96
0.00, 90.40, 64.96
0.00, 90.60, 64.96
0.00, 90.80, 64.96
0.00, 91.00, 64.96
0.00, 91.20, 64.96
0.00, 91.40, 64.96
0.00, 91.60, 64.96
0.00, 91.80, 64.96
0.00, 92.00, 64.96
0.00, 92.20, 64.96
0.00, 92.40, 64.96
0.00, 92.60, 64.96
0.00, 92.80, 64.96
0.00, 93.00, 64.96
0.00, 93.20, 64.96
0.00, 93.40, 64.96
0.00, 93.60, 64.96
0.00, 93.80, 64.96
0.00, 94.00, 64.96
0.00, 94.20, 64.96
0.00, 94.40, 64.96
0.00, 94.60, 64.96
0.00, 94.80, 64.96
0.00, 95.00, 64.96
0.00, 95.20, 64.96
0.00, 95.40, 64.96
0.00, 95.60, 64.96
0.00, 95.80, 64.96
0.00, 96.00, 64.96
0.00, 96.20, 64.96
0.00, 96.40, 64.96
0.00, 96.60, 64.96
0.00, 96.80, 64.96
0.00, 97.00, 64.96
0.00, 97.20, 64.96
0.00, 97.40, 64.96
0.00, 97.60, 64.96
0.00, 97.80, 64.96
0.00, 98.00, 64.96
0.00, 98.20, 64.96
0.00, 98.40, 64.96
0.00, 98.60, 64.96
0.00, 98.80, 64.96
0.00, 99.00, 64.96
0.00, 99.20, 64.96
0.00, 99.40, 64.96
0.00, 99.60, 64.96
0.00, 99.80, 64.96
0.00, 100.00, 64.96
0.00, 100.20, 64.96
0.00, 100.40, 64.96
0.00, 100.60, 64.96
0.00, 100.80, 64.96
0.00, 101.00, 64.96
0.00, 101.20, 64.96
0.00, 101.40, 64.96
0.00, 101.60, 64.96
0.00, 101.80, 64.96
0.00, 102.00, 64.96
0.00, 102.20, 64.96
0.00, 102.40, 64.96
0.00, 102.60, 64.96
0.00, 102.80, 64.96
0.00, 103.00, 64.96
0.00, 103.20, 64.96
0.00, 103.40, 64.96
0.00, 103.60, 64.96
0.00, 103.80, 64.96
0.00, 104.00, 64.96
0.00, 104.20, 64.96
0.00, 104.40, 64.96
0.00, 104.60, 64.96
0.00, 104.80, 64.96
0.00, 105.00, 64.96
0.00, 105.20, 64.96
0.00, 105.40, 64.96
0.00, 105.60, 64.96
0.00, 105.80, 64.96
0.00, 106.00, 64.96
0.00, 106.20, 64.96
0.00, 106.40, 64.96
0.00, 106.60, 64.96
0.00, 106.80, 64.96
0.00, 107.00, 64.96
0.00, 107.20, 64.96
0.00, 107.40, 64.96
0.00, 107.60, 64.96
0.00, 107.80, 64.96
0.00, 108.00, 64.96
0.00, 108.20, 64.96
0.00, 108.40, 64.96
0.00, 108.60, 64.96
0.00, 108.80, 64.96
0.00, 109.00, 64.96
0.00, 109.20, 64.96
0.00, 109.40, 64.96
0.00, 109.60, 64.96
0.00, 109.80, 64.96
0.00, 110.00, 64.96
0.00, 110.20, 64.96
0.00, 110.40, 64.96
0.00, 110.60, 64.96
0.00, 110.80, 64.96
0.00, 111.00, 64.96
0.00, 111.20, 64.96
0.00, 111.40, 64.96
0.00, 111.60, 64.96
0.00, 111.80, 64.96
0.00, 112.00, 64.96
0.00, 112.20, 64.96
0.00, 112.40, 64.96
0.00, 112.60, 64.96
0.00, 112.80, 64.96
0.00, 113.00, 64.96
0.00, 113.20, 64.96
0.00, 113.40, 64.96
0.00, 113.60, 64.96
0.00, 113.80, 64.96
0.00, 114.00, 64.96
0.00, 114.20, 64.96
0.00, 114.40, 64.96
0.00, 114.60, 64.96
0.00, 114.80, 64.96
0.00, 115.00, 64.96
0.00, 115.20, 64.96
0.00, 115.40, 64.96
0.00, 115.60, 64.96
0.00, 115.80, 64.96
0.00, 116.00, 64.96
0.00, 116.20, 64.96
0.00, 116.40, 64.96
0.00, 116.60, 64.96
0.00, 116.80, 64.96
0.00, 117.00, 64.96
0.00, 117.20, 64.96
0.00, 117.40, 64.96
0.00, 117.60, 64.96
0.00, 117.80, 64.96
0.00, 118.00, 64.96
0.00, 118.20, 64.96
0.00, 118.40, 64.96
0.00, 118.60, 64.96
0.00, 118.80, 64.96
0.00, 119.00, 64.96
0.00, 119.20, 64.96
0.00, 119.40, 64.96
0.00, 119.60, 64.96
0.00, 119.80, 64.96
0.00, 120.00, 64.96
0.00, 120.20, 64.96
0.00, 120.40, 64.96
0.00, 120.60, 64.96
0.00, 120.80, 64.96
0.00, 121.00, 64.96
0.00, 121.20, 64.96
0.00, 121.40, 64.96
0.00, 121.60, 64.96
0.00, 121.80, 64.96
0.00, 122.00, 64.96
0.00, 122.20, 64.96
0.00, 122.40, 64.96
0.00, 122.60, 64.96
0.00, 122.80, 64.96
0.00, 123.00, 64.96
0.00, 123.20, 64.96
0.00, 123.40, 64.96
0.00, 123.60, 64.96
0.00, 123.80, 64.96
0.00, 124.00, 64.96
0.00, 124.20, 64.96
0.00, 124.40, 64.96
0.00, 124.60, 64.96
0.00, 124.80, 64.96
0.00, 125.00, 64.96
0.00, 125.20, 64.96
0.00, 125.40, 64.96
0.00, 125.60, 64.96
0.00, 125.80, 64.96
0.00, 126.00, 64.96
0.00, 126.20, 64.96
0.00, 126.40, 64.96
0.00, 126.60, 64.96
0.00, 126.80, 64.96
0.00, 127.00, 64.96
0.00, 127.20, 64.96
0.00, 127.40, 64.96
0.00, 127.60, 64.96
0.00, 127.80, 64.96
0.00, 128.00, 64.96
0.00, 128.20, 64.96
0.00, 128.40, 64.96
0.00, 128.60, 64.96
0.00, 128.80, 64.96
0.00, 129.00, 64.96
0.00, 129.20, 64.96
0.00, 129.40, 64.96
0.00, 129.60, 64.96
0.00, 129.80, 64.96
0.00, 130.00, 64.96
0.00, 130.20, 64.96
0.00, 130.40, 64.96
0.00, 130.60, 64.96
0.00, 130.80, 64.96
0.00, 131.00, 64.96
0.00, 131.20, 64.96
0.00, 131.40, 64.96
0.00, 131.60, 64.96
0.00, 131.80, 64.96
0.00, 132.00, 64.96
0.00, 132.20, 64.96
0.00, 132.40, 64.96
0.00, 132.60, 64.96
0.00, 132.80, 64.96
0.00, 133.00, 64.96
0.00, 133.20, 64.96
0.00, 133.40, 64.96
0.00, 133.60, 64.96
0.00, 133.80, 64.96
0.00, 134.00, 64.96
0.00, 134.20, 64.96
0.00, 134.40, 64.96
0.00, 134.60, 64.96
0.00, 134.80, 64.96
0.00, 135.00, 64.96
0.00, 135.20, 64.96
0.00, 135.40, 64.96
0.00, 135.60, 64.96
0.00, 135.80, 64.96
0.00, 136.00, 64.96
0.00, 136.20, 64.96
0.00, 136.40, 64.96
0.00, 136.60, 64.96
0.00, 136.80, 64.96
0.00, 137.00, 64.96
0.00, 137.20, 64.96
0.00, 137.40, 64.96
0.00, 137.60, 64.96
0.00, 137.80, 64.96
0.00, 138.00, 64.96
0.00, 138.20, 64.96
0.00, 138.40, 64.96
0.00, 138.60, 64.96
0.00, 138.80, 64.96
0.00, 139.00, 64.96
0.00, 139.20, 64.96
0.00, 139.40, 64.96
0.00, 139.60, 64.96
0.00, 139.80, 64.96
0.00, 140.00, 64.96
0.00, 140.20, 64.96
0.00, 140.40, 64.96
0.00, 140.60, 64.96
0.00, 140.80, 64.96
0.00, 141.00, 64.96
0.00, 141.20, 64.96
0.00, 141.40, 64.96
0.00, 141.60, 64.96
0.00, 141.80, 64.96
0.00, 142.00, 64.96
0.00, 142.20, 64.96
0.00, 142.40, 64.96
0.00, 142.60, 64.96
0.00, 142.80, 64.96
0.00, 143.00, 64.96
0.00, 143.20, 64.96
0.00, 143.40, 64.96
0.00, 143.60, 64.96
0.00, 143.80, 64.96
0.00, 144.00, 64.96
0.00, 144.20, 64.96
0.00, 144.40, 64.96
0.00, 144.60, 64.96
0.00, 144.80, 64.96
0.00, 145.00, 64.96
0.00, 145.20, 64.96
0.00, 145.40, 64.96
0.00, 145.60, 64.96
0.00, 145.80, 64.96
0.00, 146.00, 64.96
0.00, 146.20, 64.96
0.00, 146.40, 64.96
0.00, 146.60, 64.96
0.00, 146.80, 64.96
0.00, 147.00, 64.96
0.00, 147.20, 64.96
0.00, 147.40, 64.96
0.00, 147.60, 64.96
0.00, 147.80, 64.96
0.00, 148.00, 64.96
0.00, 148.20, 64.96
0.00, 148.40, 64.96
0.00, 148.60, 64.96
0.00, 148.80, 64.96
0.00, 149.00, 64.96
0.00, 149.20, 64.96
0.00, 149.40, 64.96
0.00, 149.60, 64.96
0.00, 149.80, 64.96
0.00, 150.00, 64.96
0.00, 150.20, 64.96
0.00, 150.40, 64.96
0.00, 150.60, 64.96
0.00, 150.80, 64.96
0.00, 151.00, 64.96
0.00, 151.20, 64.96
0.00, 151.40, 64.96
0.00, 151.60, 64.96
0.00, 151.80, 64.96
0.00, 152.00, 64.96
0.00, 152.20, 64.96
0.00, 152.40, 64.96
0.00, 152.60, 64.96
0.00, 152.80, 64.96
0.00, 153.00, 64.96
0.00, 153.20, 64.96
0.00, 153.40, 64.96
0.00, 153.60, 64.96
0.00, 153.80, 64.96
0.00, 154.00, 64.96
0.00, 154.20, 64.96
0.00, 154.40, 64.96
0.00, 154.60, 64.96
0.00, 154.80, 64.96
0.00, 155.00, 64.96
0.00, 155.20, 64.96
0.00, 155.40, 64.96
0.00, 155.60, 64.96
0.00, 155.80, 64.96
0.00, 156.00, 64.96
0.00, 156.20, 64.96
0.00, 156.40, 64.96
0.00, 156.60, 64.96
0.00, 156.80, 64.96
0.00, 157.00, 64.96
0.00, 157.20, 64.96
0.00, 157.40, 64.96
0.00, 157.60, 64.96
0.00, 157.80, 64.96
0.00, 158.00, 64.96
0.00, 158.20, 64.96
0.00, 158.40, 64.96
0.00, 158.60, 64.96
0.00, 158.80, 64.96
0.00, 159.00, 64.96
0.00, 159.20, 64.96
0.00, 159.40, 64.96
0.00, 159.60, 64.96
0.00, 159.80, 64.96
0.00, 160.00, 64.96
0.00, 160.20, 64.96
0.00, 160.40, 64.96
0.00, 160.60, 64.96
0.00, 160.80, 64.96
0.00, 161.00, 64.96
0.00, 161.20, 64.96
0.00, 161.40, 64.96
0.00, 161.60, 64.96
0.00, 161.80, 64.96
0.00, 162.00, 64.96
0.00, 162.20, 64.96
0.00, 162.40, 64.96
0.00, 162.60, 64.96
0.00, 162.80, 64.96
0.00, 163.00, 64.96
0.00, 163.20, 64.96
0.00, 163.40, 64.96
0.00, 163.60, 64.96
0.00, 163.80, 64.96
0.00, 164.00, 64.96
0.00, 164.20, 64.96
0.00, 164.40, 64.96
0.00, 164.60, 64.96
0.00, 164.80, 64.96
0.00, 165.00, 64.96
0.00, 165.20, 64.96
0.00, 165.40, 64.96
0.00, 165.60, 64.96
0.00, 165.80, 64.96
0.00, 166.00, 64.96
0.00, 166.20, 64.96
0.00, 166.40, 64.96
0.00, 166.60, 64.96
0.00, 166.80, 64.96
0.00, 167.00, 64.96
0.00, 167.20, 64.96
0.00, 167.40, 64.96
0.00, 167.60, 64.96
0.00, 167.80, 64.96
0.00, 168.00, 64.96
0.00, 168.20, 64.96
0.00, 168.40, 64.96
0.00, 168.60, 64.96
0.00, 168.80, 64.96
0.00, 169.00, 64.96
0.00, 169.20, 64.96
0.00, 169.40, 64.96
0.00, 169.60, 64.96
0.00, 169.80, 64.96
0.00, 170.00, 64.96
0.00, 170.20, 64.96
0.00, 170.40, 64.96
0.00, 170.60, 64.96
0.00, 170.80, 64.96
0.00, 171.00, 64.96
0.00, 171.20, 64.96
0.00, 171.40, 64.96
0.00, 171.60, 64.96
0.00, 171.80, 64.96
0.00, 172.00, 64.96
0.00, 172.20, 64.96
0.00, 172.40, 64.96
0.00, 172.60, 64.96
0.00, 172.80, 64.96
0.00, 173.00, 64.96
0.00, 173.20, 64.96
0.00, 173.40, 64.96
0.00, 173.60, 64.96
0.00, 173.80, 64.96
0.00, 174.00, 64.96
0.00, 174.20, 64.96
0.00, 174.40, 64.96
0.00, 174.60, 64.96
0.00, 174.80, 64.96
0.00, 175.00, 64.96
0.00, 175.20, 64.96
0.00, 175.40, 64.96
0.00, 175.60, 64.96
0.00, 175.80, 64.96
0.00, 176.00, 64.96
0.00, 176.20, 64.96
0.00, 176.40, 64.96
0.00, 176.60, 64.96
0.00, 176.80, 64.96
0.00, 177.00, 64.96
0.00, 177.20, 64.96
0.00, 177.40, 64.96
0.00, 177.60, 64.96
0.00, 177.80, 64.96
0.00, 178.00, 64.84
0.00, 178.20, 64.84
0.00, 178.40, 64.84
0.00, 178.60, 64.84
0.00, 178.80, 64.84
0.00, 179.00, 64.84
0.00, 179.20, 64.84
0.00, 179.40, 64.84
0.00, 179.60, 64.84
0.00, 179.80, 64.84
0.20, 0.00, 109.11
0.20, 0.20, 109.50
0.20, 0.40, 109.70
0.20, 0.60, 110.26
0.20, 0.80, 111.60
0.20, 1.00, 113.07
0.20, 1.20, 117.42
0.20, 1.40, 119.39
0.20, 1.60, 105.71
0.20, 1.80, 115.46
0.20, 2.00, 121.14
0.20, 2.20, 104.66
0.20, 2.40, 105.11
0.20, 2.60, 101.11
0.20, 2.80, 107.54
0.20, 3.00, 138.73
0.20, 3.20, 106.07
0.20, 3.40, 106.07
0.20, 3.60, 129.04
0.20, 3.80, 95.71
0.20, 4.00, 103.10
0.20, 4.20, 93.26
0.20, 4.40, 127.46
0.20, 4.60, 129.12
0.20, 4.80, 129.23
0.20, 5.00, 125.22
0.20, 5.20, 125.22
0.20, 5.40, 125.11
0.20, 5.60, 125.11
0.20, 5.80, 125.11
0.20, 6.00, 124.71
0.20, 6.20, 124.20
0.20, 6.40, 112.00
0.20, 6.60, 111.34
0.20, 6.80, 111.34
0.20, 7.00, 109.86
0.20, 7.20, 107.51
0.20, 7.40, 106.01
0.20, 7.60, 105.52
0.20, 7.80, 104.86
0.20, 8.00, 105.01
0.20, 8.20, 105.01
0.20, 8.40, 105.01
0.20, 8.60, 93.68
0.20, 8.80, 93.55
0.20, 9.00, 93.55
0.20, 9.20, 93.55
0.20, 9.40, 93.55
0.20, 9.60, 93.55
0.20, 9.80, 99.28
0.20, 10.00, 99.28
0.20, 10.20, 99.25
0.20, 10.40, 96.44
0.20, 10.60, 96.44
0.20, 10.80, 96.44
0.20, 11.00, 96.44
0.20, 11.20, 96.44
0.20, 11.40, 97.62
0.20, 11.60, 97.62
0.20, 11.80, 97.62
0.20, 12.00, 97.62
0.20, 12.20, 97.62
0.20, 12.40, 97.62
0.20, 12.60, 100.77
0.20, 12.80, 100.77
0.20, 13.00, 100.77
0.20, 13.20, 100.77
0.20, 13.40, 100.77
0.20, 13.60, 100.77
0.20, 13.80, 100.77
0.20, 14.00, 100.77
0.20, 14.20, 100.77
0.20, 14.40, 100.77
0.20, 14.60, 100.77
0.20, 14.80, 100.77
0.20, 15.00, 100.77
0.20, 15.20, 100.77
0.20, 15.40, 100.77
0.20, 15.60, 100.77
0.20, 15.80, 100.77
0.20, 16.00, 100.77
0.20, 16.20, 100.77
0.20, 16.40, 100.77
0.20, 16.60, 100.77
0.20, 16.80, 100.77
0.20, 17.00, 100.77
0.20, 17.20, 100.77
0.20, 17.40, 100.77
0.20, 17.60, 100.77
0.20, 17.80, 95.15
0.20, 18.00, 95.15
0.20, 18.20, 95.15
0.20, 18.40, 95.15
0.20, 18.60, 94.94
0.20, 18.80, 94.94
0.20, 19.00, 94.94
0.20, 19.20, 94.94
0.20, 19.40, 94.94
0.20, 19.60, 94.94
0.20, 19.80, 94.94
0.20, 20.00, 94.94
0.20, 20.20, 94.94
0.20, 20.40, 94.94
0.20, 20.60, 94.94
0.20, 20.80, 94.96
0.20, 21.00, 94.85
0.20, 21.20, 94.85
0.20, 21.40, 94.85
0.20, 21.60, 94.85
0.20, 21.80, 94.85
0.20, 22.00, 94.85
0.20, 22.20, 94.85
0.20, 22.40, 94.85
0.20, 22.60, 94.85
0.20, 22.80, 98.83
0.20, 23.00, 98.83
0.20, 23.20, 98.83
0.20, 23.40, 98.83
0.20, 23.60, 98.83
0.20, 23.80, 98.83
0.20, 24.00, 98.83
0.20, 24.20, 98.83
0.20, 24.40, 98.83
0.20, 24.60, 98.83
0.20, 24.80, 68.70
0.20, 25.00, 68.70
0.20, 25.20, 68.70
0.20, 25.40, 68.70
0.20, 25.60, 68.70
0.20, 25.80, 68.70
0.20, 26.00, 68.70
0.20, 26.20, 68.70
0.20, 26.40, 68.70
0.20, 26.60, 68.70
0.20, 26.80, 68.70
0.20, 27.00, 68.70
0.20, 27.20, 68.70
0.20, 27.40, 68.70
0.20, 27.60, 68.70
0.20, 27.80, 68.70
0.20, 28.00, 68.70
0.20, 28.20, 68.70
0.20, 28.40, 68.70
0.20, 28.60, 68.70
0.20, 28.80, 68.70
0.20, 29.00, 68.70
0.20, 29.20, 68.70
0.20, 29.40, 68.70
0.20, 29.60, 68.70
0.20, 29.80, 68.70
0.20, 30.00, 68.70
0.20, 30.20, 68.70
0.20, 30.40, 68.70
0.20, 30.60, 68.70
0.20, 30.80, 68.70
0.20, 31.00, 68.70
0.20, 31.20, 68.70
0.20, 31.40, 68.70
0.20, 31.60, 68.70
0.20, 31.80, 68.70
0.20, 32.00, 68.70
0.20, 32.20, 68.70
0.20, 32.40, 68.70
0.20, 32.60, 68.70
0.20, 32.80, 68.70
0.20, 33.00, 68.70
0.20, 33.20, 68.70
0.20, 33.40, 68.70
0.20, 33.60, 68.70
0.20, 33.80, 68.70
0.20, 34.00, 68.70
0.20, 34.20, 68.70
0.20, 34.40, 68.70
0.20, 34.60, 68.70
0.20, 34.80, 68.70
0.20, 35.00, 68.70
0.20, 35.20, 68.70
0.20, 35.40, 68.70
0.20, 35.60, 68.70
0.20, 35.80, 68.70
0.20, 36.00, 68.70
0.20, 36.20, 68.70
0.20, 36.40, 68.70
0.20, 36.60, 68.70
0.20, 36.80, 68.70
0.20, 37.00, 68.70
0.20, 37.20, 68.70
0.20, 37.40, 68.70
0.20, 37.60, 68.70
0.20, 37.80, 68.70
0.20, 38.00, 68.70
0.20, 38.20, 68.70
0.20, 38.40, 68.70
0.20, 38.60, 68.70
0.20, 38.80, 68.70
0.20, 39.00, 68.70
0.20, 39.20, 68.70
0.20, 39.40, 68.70
0.20, 39.60, 68.70
0.20, 39.80, 68.70
0.20, 40.00, 68.70
0.20, 40.20, 68.70
0.20, 40.40, 68.70
0.20, 40.60, 68.70
0.20, 40.80, 68.70
0.20, 41.00, 68.70
0.20, 41.20, 68.70
0.20, 41.40, 68.70
0.20, 41.60, 68.69
0.20, 41.80, 68.67
0.20, 42.00, 68.67
0.20, 42.20, 68.67
0.20, 42.40, 68.67
0.20, 42.60, 68.67
0.20, 42.80, 68.67
0.20, 43.00, 68.67
0.20, 43.20, 68.67
0.20, 43.40, 68.67
0.20, 43.60, 68.67
0.20, 43.80, 68.67
0.20, 44.00, 68.67
0.20, 44.20, 68.67
0.20, 44.40, 68.67
0.20, 44.60, 68.67
0.20, 44.80, 68.67
0.20, 45.00, 68.67
0.20, 45.20, 68.67
0.20, 45.40, 68.67
0.20, 45.60, 68.67
0.20, 45.80, 68.67
0.20, 46.00, 68.67
0.20, 46.20, 68.67
0.20, 46.40, 68.67
0.20, 46.60, 68.67
0.20, 46.80, 68.67
0.20, 47.00, 68.67
0.20, 47.20, 68.67
0.20, 47.40, 68.67
0.20, 47.60, 68.67
0.20, 47.80, 68.67
0.20, 48.00, 68.67
0.20, 48.20, 68.67
0.20, 48.40, 68.67
0.20, 48.60, 68.67
0.20, 48.80, 68.67
0.20, 49.00, 68.67
0.20, 49.20, 68.67
0.20, 49.40, 68.67
0.20, 49.60, 68.67
0.20, 49.80, 68.67
0.20, 50.00, 68.67
0.20, 50.20, 68.67
0.20, 50.40, 68.67
0.20, 50.60, 68.67
0.20, 50.80, 68.67
0.20, 51.00, 68.67
0.20, 51.20, 68.67
0.20, 51.40, 68.67
0.20, 51.60, 68.67
0.20, 51.80, 68.67
0.20, 52.00, 68.67
0.20, 52.20, 68.67
0.20, 52.40, 68.65
0.20, 52.60, 68.65
0.20, 52.80, 68.65
0.20, 53.00, 68.65
0.20, 53.20, 68.65
0.20, 53.40, 68.65
0.20, 53.60, 68.65
0.20, 53.80, 68.65
0.20, 54.00, 68.65
0.20, 54.20, 68.65
0.20, 54.40, 68.65
0.20, 54.60, 68.65
0.20, 54.80, 68.65
0.20, 55.00, 68.65
0.20, 55.20, 68.65
0.20, 55.40, 68.65
0.20, 55.60, 68.65
0.20, 55.80, 68.65
0.20, 56.00, 68.65
0.20, 56.20, 68.65
0.20, 56.40, 68.65
0.20, 56.60, 68.65
0.20, 56.80, 68.65
0.20, 57.00, 68.65
0.20, 57.20, 68.65
0.20, 57.40, 68.65
0.20, 57.60, 68.65
0.20, 57.80, 68.65
0.20, 58.00, 68.65
0.20, 58.20, 68.65
0.20, 58.40, 68.65
0.20, 58.60, 68.65
0.20, 58.80, 68.65
0.20, 59.00, 68.65
0.20, 59.20, 68.65
0.20, 59.40, 68.65
0.20, 59.60, 68.65
0.20, 59.80, 68.65
0.20, 60.00, 68.65
0.20, 60.20, 68.65
0.20, 60.40, 68.65
0.20, 60.60, 68.65
0.20, 60.80, 68.65
0.20, 61.00, 68.65
0.20, 61.20, 68.65
0.20, 61.40, 68.65
0.20, 61.60, 68.65
0.20, 61.80, 68.65
0.20, 62.00, 68.65
0.20, 62.20, 68.65
0.20, 62.40, 68.65
0.20, 62.60, 68.65
0.20, 62.80, 68.65
0.20, 63.00, 68.65
0.20, 63.20, 68.65
0.20, 63.40, 68.65
0.20, 63.60, 68.65
0.20, 63.80, 68.65
0.20, 64.00, 68.65
0.20, 64.20, 68.65
0.20, 64.40, 68.65
0.20, 64.60, 68.65
0.20, 64.80, 68.65
0.20, 65.00, 68.65
0.20, 65.20, 68.65
0.20, 65.40, 68.65
0.20, 65.60, 68.65
0.20, 65.80, 68.65
0.20, 66.00, 68.65
0.20, 66.20, 68.65
0.20, 66.40, 68.65
0.20, 66.60, 68.65
0.20, 66.80, 68.65
0.20, 67.00, 68.65
0.20, 67.20, 68.65
0.20, 67.40, 68.65
0.20, 67.60, 68.65
0.20, 67.80, 68.65
0.20, 68.00, 68.65
0.20, 68.20, 68.65
0.20, 68.40, 68.65
0.20, 68.60, 68.65
0.20, 68.80, 68.65
0.20, 69.00, 68.65
0.20, 69.20, 68.65
0.20, 69.40, 68.65
0.20, 69.60, 68.65
0.20, 69.80, 68.65
0.20, 70.00, 68.65
0.20, 70.20, 68.65
0.20, 70.40, 68.65
0.20, 70.60, 68.65
0.20, 70.80, 68.65
0.20, 71.00, 68.65
0.20, 71.20, 68.65
0.20, 71.40, 68.65
0.20, 71.60, 68.65
0.20, 71.80, 68.65
0.20, 72.00, 68.65
0.20, 72.20, 68.65
0.20, 72.40, 68.65
0.20, 72.60, 68.65
0.20, 72.80, 68.65
0.20, 73.00, 68.65
0.20, 73.20, 68.65
0.20, 73.40, 68.65
0.20, 73.60, 68.65
0.20, 73.80, 68.65
0.20, 74.00, 68.65
0.20, 74.20, 68.65
0.20, 74.40, 68.65
0.20, 74.60, 68.65
0.20, 74.80, 68.65
0.20, 75.00, 68.65
0.20, 75.20, 68.65
0.20, 75.40, 68.65
0.20, 75.60, 68.65
0.20, 75.80, 68.65
0.20, 76.00, 68.83
0.20, 76.20, 68.83
0.20, 76.40, 68.83
0.20, 76.60, 68.83
0.20, 76.80, 68.83
0.20, 77.00, 68.83
0.20, 77.20, 68.83
0.20, 77.40, 68.83
0.20, 77.60, 68.83
0.20, 77.80, 68.83
0.20, 78.00, 68.83
0.20, 78.20, 68.83
0.20, 78.40, 68.83
0.20, 78.60, 68.83
0.20, 78.80, 68.83
0.20, 79.00, 68.83
0.20, 79.20, 68.83
0.20, 79.40, 68.83
0.20, 79.60, 68.83
0.20, 79.80, 68.83
0.20, 80.00, 68.83
0.20, 80.20, 68.83
0.20, 80.40, 68.83
0.20, 80.60, 68.83
0.20, 80.80, 68.83
0.20, 81.00, 68.83
0.20, 81.20, 68.83
0.20, 81.40, 68.83
0.20, 81.60, 68.83
0.20, 81.80, 68.83
0.20, 82.00, 68.83
0.20, 82.20, 68.83
0.20, 82.40, 68.83
0.20, 82.60, 68.83
0.20, 82.80, 68.83
0.20, 83.00, 68.83
0.20, 83.20, 68.83
0.20, 83.40, 68.83
0.20, 83.60, 68.83
0.20, 83.80, 68.83
0.20, 84.00, 68.83
0.20, 84.20, 68.83
0.20, 84.40, 68.83
0.20, 84.60, 68.83
0.20, 84.80, 68.83
0.20, 85.00, 68.83
0.20, 85.20, 68.83
0.20, 85.40, 68.83
0.20, 85.60, 68.83
0.20, 85.80, 68.83
0.20, 86.00, 68.83
0.20, 86.20, 68.83
0.20, 86.40, 68.83
0.20, 86.60, 68.83
0.20, 86.80, 68.83
0.20, 87.00, 68.83
0.20, 87.20, 68.83
0.20, 87.40, 68.83
0.20, 87.60, 68.83
0.20, 87.80, 68.83
0.20, 88.00, 68.83
0.20, 88.20, 68.83
0.20, 88.40, 68.83
0.20, 88.60, 68.83
0.20, 88.80, 68.83
0.20, 89.00, 68.83
0.20, 89.20, 68.83
0.20, 89.40, 68.83
0.20, 89.60, 68.83
0.20, 89.80, 68.83
0.20, 90.00, 68.83
0.20, 90.20, 68.83
0.20, 90.40, 68.83
0.20, 90.60, 68.83
0.20, 90.80, 68.83
0.20, 91.00, 68.83
0.20, 91.20, 68.83
0.20, 91.40, 68.83
0.20, 91.60, 68.83
0.20, 91.80, 68.83
0.20, 92.00, 68.83
0.20, 92.20, 68.83
0.20, 92.40, 68.83
0.20, 92.60, 68.83
0.20, 92.80, 68.83
0.20, 93.00, 68.83
0.20, 93.20, 68.83
0.20, 93.40, 68.83
0.20, 93.60, 68.83
0.20, 93.80, 68.83
0.20, 94.00, 68.83
0.20, 94.20, 68.83
0.20, 94.40, 68.83
0.20, 94.60, 68.83
0.20, 94.80, 68.83
0.20, 95.00, 68.83
0.20, 95.20, 68.83
0.20, 95.40, 68.83
0.20, 95.60, 68.83
0.20, 95.80, 68.83
0.20, 96.00, 68.83
0.20, 96.20, 68.83
0.20, 96.40, 68.83
0.20, 96.60, 68.83
0.20, 96.80, 68.83
0.20, 97.00, 68.83
0.20, 97.20, 68.83
0.20, 97.40, 68.83
0.20, 97.60, 68.83
0.20, 97.80, 68.83
0.20, 98.00, 68.83
0.20, 98.20, 68.83
0.20, 98.40, 68.83
0.20, 98.60, 68.83
0.20, 98.80, 68.83
0.20, 99.00, 68.83
0.20, 99.20, 68.83
0.20, 99.40, 68.83
0.20, 99.60, 68.83
0.20, 99.80, 68.83
0.20, 100.00, 68.83
0.20, 100.20, 68.83
0.20, 100.40, 68.83
0.20, 100.60, 68.83
0.20, 100.80, 68.83
0.20, 101.00, 68.83
0.20, 101.20, 68.83
0.20, 101.40, 68.83
0.20, 101.60, 68.83
0.20, 101.80, 68.83
0.20, 102.00, 68.83
0.20, 102.20, 68.83
0.20, 102.40, 68.83
0.20, 102.60, 68.83
0.20, 102.80, 68.83
0.20, 103.00, 68.83
0.20, 103.20, 68.83
0.20, 103.40, 68.83
0.20, 103.60, 68.83
0.20, 103.80, 68.83
0.20, 104.00, 68.83
0.20, 104.20, 68.83
0.20, 104.40, 68.83
0.20, 104.60, 68.83
0.20, 104.80, 68.83
0.20, 105.00, 68.83
0.20, 105.20, 68.83
0.20, 105.40, 68.83
0.20, 105.60, 68.83
0.20, 105.80, 68.83
0.20, 106.00, 68.83
0.20, 106.20, 68.83
0.20, 106.40, 68.83
0.20, 106.60, 68.83
0.20, 106.80, 68.83
0.20, 107.00, 68.83
0.20, 107.20, 68.83
0.20, 107.40, 68.83
0.20, 107.60, 68.83
0.20, 107.80, 68.83
0.20, 108.00, 68.83
0.20, 108.20, 68.83
0.20, 108.40, 68.83
0.20, 108.60, 68.83
0.20, 108.80, 68.83
0.20, 109.00, 68.83
0.20, 109.20, 68.83
0.20, 109.40, 68.83
0.20, 109.60, 68.83
0.20, 109.80, 68.83
0.20, 110.00, 68.83
0.20, 110.20, 68.83
0.20, 110.40, 68.83
0.20, 110.60, 68.83
0.20, 110.80, 68.83
0.20, 111.00, 68.83
0.20, 111.20, 68.83
0.20, 111.40, 68.83
0.20, 111.60, 68.83
0.20, 111.80, 68.83
0.20, 112.00, 68.83
0.20, 112.20, 68.83
0.20, 112.40, 68.83
0.20, 112.60, 68.83
0.20, 112.80, 68.83
0.20, 113.00, 68.83
0.20, 113.20, 68.83
0.20, 113.40, 68.83
0.20, 113.60, 68.83
0.20, 113.80, 68.83
0.20, 114.00, 68.83
0.20, 114.20, 68.83
0.20, 114.40, 68.83
0.20, 114.60, 68.83
0.20, 114.80, 68.83
0.20, 115.00, 68.83
0.20, 115.20, 68.83
0.20, 115.40, 68.83
0.20, 115.60, 68.83
0.20, 115.80, 68.83
0.20, 116.00, 68.83
0.20, 116.20, 68.83
0.20, 116.40, 68.83
0.20, 116.60, 68.83
0.20, 116.80, 68.83
0.20, 117.00, 68.83
0.20, 117.20, 68.83
0.20, 117.40, 68.83
0.20, 117.60, 68.83
0.20, 117.80, 68.83
0.20, 118.00, 68.83
0.20, 118.20, 68.83
0.20, 118.40, 68.83
0.20, 118.60, 68.83
0.20, 118.80, 68.83
0.20, 119.00, 68.83
0.20, 119.20, 68.83
0.20, 119.40, 68.83
0.20, 119.60, 68.83
0.20, 119.80, 68.83
0.20, 120.00, 68.83
0.20, 120.20, 68.83
0.20, 120.40, 68.83
0.20, 120.60, 68.83
0.20, 120.80, 68.83
0.20, 121.00, 68.83
0.20, 121.20, 68.83
0.20, 121.40, 68.83
0.20, 121.60, 68.83
0.20, 121.80, 68.83
0.20, 122.00, 68.83
0.20, 122.20, 68.83
0.20, 122.40, 68.83
0.20, 122.60, 68.83
0.20, 122.80, 68.83
0.20, 123.00, 68.83
0.20, 123.20, 68.83
0.20, 123.40, 68.83
0.20, 123.60, 68.83
0.20, 123.80, 68.83
0.20, 124.00, 68.83
0.20, 124.20, 68.83
0.20, 124.40, 68.83
0.20, 124.60, 68.83
0.20, 124.80, 68.83
0.20, 125.00, 68.83
0.20, 125.20, 68.83
0.20, 125.40, 68.83
0.20, 125.60, 68.83
0.20, 125.80, 68.83
0.20, 126.00, 68.83
0.20, 126.20, 68.83
0.20, 126.40, 68.83
0.20, 126.60, 68.83
0.20, 126.80, 68.83
0.20, 127.00, 68.83
0.20, 127.20, 68.83
0.20, 127.40, 68.83
0.20, 127.60, 68.83
0.20, 127.80, 68.83
0.20, 128.00, 68.83
0.20, 128.20, 68.83
0.20, 128.40, 68.83
0.20, 128.60, 68.83
0.20, 128.80, 68.83
0.20, 129.00, 68.83
0.20, 129.20, 68.83
0.20, 129.40, 68.83
0.20, 129.60, 68.83
0.20, 129.80, 68.83
0.20, 130.00, 68.83
0.20, 130.20, 68.83
0.20, 130.40, 68.83
0.20, 130.60, 68.83
0.20, 130.80, 68.83
0.20, 131.00, 68.83
0.20, 131.20, 68.83
0.20, 131.40, 68.83
0.20, 131.60, 68.83
0.20, 131.80, 68.83
0.20, 132.00, 68.83
0.20, 132.20, 68.83
0.20, 132.40, 68.83
0.20, 132.60, 68.83
0.20, 132.80, 68.83
0.20, 133.00, 68.83
0.20, 133.20, 68.83
0.20, 133.40, 68.83
0.20, 133.60, 68.83
0.20, 133.80, 68.83
0.20, 134.00, 68.83
0.20, 134.20, 68.83
0.20, 134.40, 68.83
0.20, 134.60, 68.83
0.20, 134.80, 68.83
0.20, 135.00, 68.83
0.20, 135.20, 68.83
0.20, 135.40, 68.83
0.20, 135.60, 68.83
0.20, 135.80, 68.83
0.20, 136.00, 68.83
0.20, 136.20, 68.83
0.20, 136.40, 68.83
0.20, 136.60, 68.83
0.20, 136.80, 68.83
0.20, 137.00, 68.83
0.20, 137.20, 68.83
0.20, 137.40, 68.83
0.20, 137.60, 68.83
0.20, 137.80, 68.83
0.20, 138.00, 68.83
0.20, 138.20, 68.83
0.20, 138.40, 68.83
0.20, 138.60, 68.83
0.20, 138.80, 68.83
0.20, 139.00, 68.83
0.20, 139.20, 68.83
0.20, 139.40, 68.83
0.20, 139.60, 68.83
0.20, 139.80, 68.83
0.20, 140.00, 68.83
0.20, 140.20, 68.83
0.20, 140.40, 68.83
0.20, 140.60, 68.83
0.20, 140.80, 68.83
0.20, 141.00, 68.83
0.20, 141.20, 68.83
0.20, 141.40, 68.83
0.20, 141.60, 68.83
0.20, 141.80, 68.83
0.20, 142.00, 68.83
0.20, 142.20, 68.83
0.20, 142.40, 68.83
0.20, 142.60, 68.83
0.20, 142.80, 68.83
0.20, 143.00, 68.83
0.20, 143.20, 68.83
0.20, 143.40, 68.83
0.20, 143.60, 68.83
0.20, 143.80, 68.83
0.20, 144.00, 68.83
0.20, 144.20, 68.83
0.20, 144.40, 68.83
0.20, 144.60, 68.83
0.20, 144.80, 68.83
0.20, 145.00, 68.83
0.20, 145.20, 68.83
0.20, 145.40, 68.83
0.20, 145.60, 68.83
0.20, 145.80, 68.83
0.20, 146.00, 68.83
0.20, 146.20, 68.83
0.20, 146.40, 68.83
0.20, 146.60, 68.83
0.20, 146.80, 68.83
0.20, 147.00, 68.83
0.20, 147.20, 68.83
0.20, 147.40, 68.83
0.20, 147.60, 68.83
0.20, 147.80, 68.83
0.20, 148.00, 68.83
0.20, 148.20, 68.83
0.20, 148.40, 68.83
0.20, 148.60, 68.83
0.20, 148.80, 68.83
0.20, 149.00, 68.83
0.20, 149.20, 68.83
0.20, 149.40, 68.83
0.20, 149.60, 68.83
0.20, 149.80, 68.83
0.20, 150.00, 68.83
0.20, 150.20, 68.83
0.20, 150.40, 68.83
0.20, 150.60, 68.83
0.20, 150.80, 68.83
0.20, 151.00, 68.83
0.20, 151.20, 68.83
0.20, 151.40, 68.83
0.20, 151.60, 68.83
0.20, 151.80, 68.83
0.20, 152.00, 68.83
0.20, 152.20, 68.83
0.20, 152.40, 68.83
0.20, 152.60, 68.83
0.20, 152.80, 68.83
0.20, 153.00, 68.83
0.20, 153.20, 68.83
0.20, 153.40, 68.83
0.20, 153.60, 68.83
0.20, 153.80, 68.83
0.20, 154.00, 68.83
0.20, 154.20, 68.83
0.20, 154.40, 68.83
0.20, 154.60, 68.83
0.20, 154.80, 68.83
0.20, 155.00, 68.83
0.20, 155.20, 68.83
0.20, 155.40, 68.83
0.20, 155.60, 68.83
0.20, 155.80, 68.83
0.20, 156.00, 68.83
0.20, 156.20, 68.83
0.20, 156.40, 68.83
0.20, 156.60, 68.83
0.20, 156.80, 68.83
0.20, 157.00, 68.83
0.20, 157.20, 68.83
0.20, 157.40, 68.83
0.20, 157.60, 68.83
0.20, 157.80, 68.83
0.20, 158.00, 68.83
0.20, 158.20, 68.83
0.20, 158.40, 68.83
0.20, 158.60, 68.83
0.20, 158.80, 68.83
0.20, 159.00, 68.83
0.20, 159.20, 68.83
0.20, 159.40, 68.83
0.20, 159.60, 68.83
0.20, 159.80, 68.83
0.20, 160.00, 68.83
0.20, 160.20, 68.83
0.20, 160.40, 68.83
0.20, 160.60, 68.83
0.20, 160.80, 68.83
0.20, 161.00, 68.83
0.20, 161.20, 68.83
0.20, 161.40, 68.83
0.20, 161.60, 68.83
0.20, 161.80, 68.83
0.20, 162.00, 68.83
0.20, 162.20, 68.83
0.20, 162.40, 68.83
0.20, 162.60, 68.83
0.20, 162.80, 68.83
0.20, 163.00, 68.83
0.20, 163.20, 68.83
0.20, 163.40, 68.83
0.20, 163.60, 68.83
0.20, 163.80, 68.83
0.20, 164.00, 68.83
0.20, 164.20, 68.83
0.20, 164.40, 68.83
0.20, 164.60, 68.83
0.20, 164.80, 68.83
0.20, 165.00, 68.83
0.20, 165.20, 68.83
0.20, 165.40, 68.83
0.20, 165.60, 68.83
0.20, 165.80, 68.83
0.20, 166.00, 68.83
0.20, 166.20, 68.83
0.20, 166.40, 68.83
0.20, 166.60, 68.83
0.20, 166.80, 68.83
0.20, 167.00, 68.83
0.20, 167.20, 68.83
0.20, 167.40, 68.83
0.20, 167.60, 68.83
0.20, 167.80, 68.83
0.20, 168.00, 68.83
0.20, 168.20, 68.83
0.20, 168.40, 68.83
0.20, 168.60, 68.83
0.20, 168.80, 68.83
0.20, 169.00, 68.83
0.20, 169.20, 68.83
0.20, 169.40, 68.83
0.20, 169.60, 68.83
0.20, 169.80, 68.83
0.20, 170.00, 68.83
0.20, 170.20, 68.83
0.20, 170.40, 68.83
0.20, 170.60, 68.83
0.20, 170.80, 68.83
0.20, 171.00, 68.83
0.20, 171.20, 68.83
0.20, 171.40, 68.83
0.20, 171.60, 68.83
0.20, 171.80, 68.83
0.20, 172.00, 68.83
0.20, 172.20, 68.83
0.20, 172.40, 68.83
0.20, 172.60, 68.83
0.20, 172.80, 68.83
0.20, 173.00, 68.83
0.20, 173.20, 68.83
0.20, 173.40, 68.83
0.20, 173.60, 68.83
0.20, 173.80, 68.83
0.20, 174.00, 68.83
0.20, 174.20, 68.83
0.20, 174.40, 68.83
0.20, 174.60, 68.83
0.20, 174.80, 68.83
0.20, 175.00, 68.83
0.20, 175.20, 68.83
0.20, 175.40, 68.83
0.20, 175.60, 68.83
0.20, 175.80, 68.83
0.20, 176.00, 68.83
0.20, 176.20, 68.83
0.20, 176.40, 68.83
0.20, 176.60, 68.83
0.20, 176.80, 68.83
0.20, 177.00, 68.83
0.20, 177.20, 68.40
0.20, 177.40, 68.40
0.20, 177.60, 68.40
0.20, 177.80, 68.40
0.20, 178.00, 68.40
0.20, 178.20, 68.40
0.20, 178.40, 68.40
0.20, 178.60, 68.40
0.20, 178.80, 68.40
0.20, 179.00, 68.40
0.20, 179.20, 68.40
0.20, 179.40, 68.40
0.20, 179.60, 68.40
0.20, 179.80, 68.40
0.40, 0.00, 122.27
0.40, 0.20, 103.89
0.40, 0.40, 103.70
0.40, 0.60, 103.69
0.40, 0.80, 103.53
0.40, 1.00, 98.51
0.40, 1.20, 98.44
0.40, 1.40, 98.09
0.40, 1.60, 97.64
0.40, 1.80, 101.66
0.40, 2.00, 101.03
0.40, 2.20, 99.79
0.40, 2.40, 108.88
0.40, 2.60, 114.79
0.40, 2.80, 116.53
0.40, 3.00, 121.04
0.40, 3.20, 119.27
0.40, 3.40, 119.27
0.40, 3.60, 119.31
0.40, 3.80, 120.44
0.40, 4.00, 120.56
0.40, 4.20, 108.92
0.40, 4.40, 132.74
0.40, 4.60, 87.34
0.40, 4.80, 87.29
0.40, 5.00, 70.12
0.40, 5.20, 87.21
0.40, 5.40, 87.05
0.40, 5.60, 87.05
0.40, 5.80, 69.99
0.40, 6.00, 114.33
0.40, 6.20, 114.27
0.40, 6.40, 114.25
0.40, 6.60, 114.39
0.40, 6.80, 114.39
0.40, 7.00, 113.74
0.40, 7.20, 50.10
0.40, 7.40, 63.75
0.40, 7.60, 63.75
0.40, 7.80, 53.17
0.40, 8.00, 54.09
0.40, 8.20, 54.31
0.40, 8.40, 54.31
0.40, 8.60, 54.35
0.40, 8.80, 55.50
0.40, 9.00, 55.50
0.40, 9.20, 55.50
0.40, 9.40, 55.50
0.40, 9.60, 55.50
0.40, 9.80, 66.64
0.40, 10.00, 66.64
0.40, 10.20, 67.05
0.40, 10.40, 67.05
0.40, 10.60, 67.05
0.40, 10.80, 67.05
0.40, 11.00, 67.05
0.40, 11.20, 67.05
0.40, 11.40, 68.73
0.40, 11.60, 68.73
0.40, 11.80, 68.73
0.40, 12.00, 68.73
0.40, 12.20, 68.73
0.40, 12.40, 68.73
0.40, 12.60, 73.15
0.40, 12.80, 73.15
0.40, 13.00, 73.15
0.40, 13.20, 73.14
0.40, 13.40, 73.15
0.40, 13.60, 73.15
0.40, 13.80, 73.15
0.40, 14.00, 73.15
0.40, 14.20, 73.15
0.40, 14.40, 73.15
0.40, 14.60, 73.15
0.40, 14.80, 73.15
0.40, 15.00, 73.15
0.40, 15.20, 73.15
0.40, 15.40, 73.15
0.40, 15.60, 73.15
0.40, 15.80, 73.15
0.40, 16.00, 73.15
0.40, 16.20, 73.15
0.40, 16.40, 73.15
0.40, 16.60, 73.15
0.40, 16.80, 73.15
0.40, 17.00, 73.15
0.40, 17.20, 73.15
0.40, 17.40, 73.15
0.40, 17.60, 73.15
0.40, 17.80, 63.20
0.40, 18.00, 63.20
0.40, 18.20, 63.20
0.40, 18.40, 63.20
0.40, 18.60, 63.20
0.40, 18.80, 63.20
0.40, 19.00, 63.20
0.40, 19.20, 63.20
0.40, 19.40, 63.20
0.40, 19.60, 63.20
0.40, 19.80, 63.20
0.40, 20.00, 63.20
0.40, 20.20, 63.20
0.40, 20.40, 63.20
0.40, 20.60, 63.20
0.40, 20.80, 63.23
0.40, 21.00, 63.06
0.40, 21.20, 63.06
0.40, 21.40, 63.06
0.40, 21.60, 63.06
0.40, 21.80, 63.06
0.40, 22.00, 63.06
0.40, 22.20, 63.06
0.40, 22.40, 63.06
0.40, 22.60, 63.06
0.40, 22.80, 63.06
0.40, 23.00, 63.06
0.40, 23.20, 63.06
0.40, 23.40, 63.06
0.40, 23.60, 63.06
0.40, 23.80, 63.06
0.40, 24.00, 63.06
0.40, 24.20, 63.06
0.40, 24.40, 63.06
0.40, 24.60, 63.06
0.40, 24.80, 63.06
0.40, 25.00, 63.06
0.40, 25.20, 63.06
0.40, 25.40, 63.06
0.40, 25.60, 63.06
0.40, 25.80, 63.06
0.40, 26.00, 63.06
0.40, 26.20, 63.06
0.40, 26.40, 63.06
0.40, 26.60, 63.06
0.40, 26.80, 63.06
0.40, 27.00, 63.06
0.40, 27.20, 63.06
0.40, 27.40, 63.06
0.40, 27.60, 63.06
0.40, 27.80, 63.06
0.40, 28.00, 63.06
0.40, 28.20, 63.06
0.40, 28.40, 63.06
0.40, 28.60, 63.06
0.40, 28.80, 63.06
0.40, 29.00, 63.06
0.40, 29.20, 63.06
0.40, 29.40, 63.06
0.40, 29.60, 63.06
0.40, 29.80, 63.06
0.40, 30.00, 63.06
0.40, 30.20, 63.06
0.40, 30.40, 63.06
0.40, 30.60, 63.06
0.40, 30.80, 63.06
0.40, 31.00, 63.06
0.40, 31.20, 63.06
0.40, 31.40, 63.06
0.40, 31.60, 63.06
0.40, 31.80, 63.06
0.40, 32.00, 63.06
0.40, 32.20, 63.06
0.40, 32.40, 63.06
0.40, 32.60, 63.06
0.40, 32.80, 63.06
0.40, 33.00, 63.06
0.40, 33.20, 63.06
0.40, 33.40, 63.06
0.40, 33.60, 63.06
0.40, 33.80, 63.06
0.40, 34.00, 63.06
0.40, 34.20, 63.06
0.40, 34.40, 63.06
0.40, 34.60, 63.06
0.40, 34.80, 63.06
0.40, 35.00, 63.06
0.40, 35.20, 63.06
0.40, 35.40, 63.06
Minimum trial:
RMS: 50.097245268870495
Dist: 0.4 Rot: 7.2