0.00, 0.00, 114.53
0.00, 0.20, 114.74
0.00, 0.40, 114.52
0.00, 0.60, 113.65
0.00, 0.80, 115.82
0.00, 1.00, 94.59
0.00, 1.20, 115.81
0.00, 1.40, 113.02
0.00, 1.60, 111.37
0.00, 1.80, 115.95
0.00, 2.00, 95.02
0.00, 2.20, 108.52
0.00, 2.40, 93.08
0.00, 2.60, 94.35
0.00, 2.80, 109.68
0.00, 3.00, 97.27
0.00, 3.20, 97.09
0.00, 3.40, 110.55
0.00, 3.60, 95.62
0.00, 3.80, 113.78
0.00, 4.00, 111.80
0.00, 4.20, 112.67
0.00, 4.40, 107.51
0.00, 4.60, 107.80
0.00, 4.80, 107.46
0.00, 5.00, 99.40
0.00, 5.20, 90.31
0.00, 5.40, 90.12
0.00, 5.60, 90.07
0.00, 5.80, 90.26
0.00, 6.00, 89.27
0.00, 6.20, 84.60
0.00, 6.40, 84.52
0.00, 6.60, 119.77
0.00, 6.80, 117.34
0.00, 7.00, 90.26
0.00, 7.20, 84.86
0.00, 7.40, 84.99
0.00, 7.60, 97.26
0.00, 7.80, 95.44
0.00, 8.00, 100.37
0.00, 8.20, 100.43
0.00, 8.40, 100.43
0.00, 8.60, 101.45
0.00, 8.80, 103.80
0.00, 9.00, 103.80
0.00, 9.20, 103.80
0.00, 9.40, 103.88
0.00, 9.60, 103.88
0.00, 9.80, 104.19
0.00, 10.00, 104.19
0.00, 10.20, 103.35
0.00, 10.40, 103.35
0.00, 10.60, 104.53
0.00, 10.80, 104.53
0.00, 11.00, 104.53
0.00, 11.20, 102.87
0.00, 11.40, 103.91
0.00, 11.60, 103.91
0.00, 11.80, 103.91
0.00, 12.00, 102.06
0.00, 12.20, 102.06
0.00, 12.40, 102.06
0.00, 12.60, 102.06
0.00, 12.80, 102.06
0.00, 13.00, 102.06
0.00, 13.20, 102.06
0.00, 13.40, 101.69
0.00, 13.60, 101.69
0.00, 13.80, 98.33
0.00, 14.00, 98.33
0.00, 14.20, 98.33
0.00, 14.40, 98.33
0.00, 14.60, 98.33
0.00, 14.80, 98.33
0.00, 15.00, 98.33
0.00, 15.20, 100.30
0.00, 15.40, 100.30
0.00, 15.60, 100.30
0.00, 15.80, 100.30
0.00, 16.00, 100.30
0.00, 16.20, 100.30
0.00, 16.40, 100.30
0.00, 16.60, 100.30
0.00, 16.80, 100.10
0.00, 17.00, 100.10
0.00, 17.20, 100.10
0.00, 17.40, 100.10
0.00, 17.60, 100.01
0.00, 17.80, 100.01
0.00, 18.00, 100.01
0.00, 18.20, 100.01
0.00, 18.40, 100.01
0.00, 18.60, 100.01
0.00, 18.80, 100.01
0.00, 19.00, 100.01
0.00, 19.20, 100.01
0.00, 19.40, 100.01
0.00, 19.60, 100.01
0.00, 19.80, 100.01
0.00, 20.00, 100.01
0.00, 20.20, 100.01
0.00, 20.40, 100.01
0.00, 20.60, 100.01
0.00, 20.80, 100.02
0.00, 21.00, 99.46
0.00, 21.20, 99.46
0.00, 21.40, 99.67
0.00, 21.60, 99.67
0.00, 21.80, 99.67
0.00, 22.00, 99.67
0.00, 22.20, 99.46
0.00, 22.40, 99.62
0.00, 22.60, 99.68
0.00, 22.80, 99.68
0.00, 23.00, 99.68
0.00, 23.20, 95.32
0.00, 23.40, 95.32
0.00, 23.60, 95.32
0.00, 23.80, 95.41
0.00, 24.00, 95.41
0.00, 24.20, 95.41
0.00, 24.40, 95.41
0.00, 24.60, 95.31
0.00, 24.80, 95.31
0.00, 25.00, 95.33
0.00, 25.20, 95.33
0.00, 25.40, 95.33
0.00, 25.60, 95.33
0.00, 25.80, 95.33
0.00, 26.00, 94.84
0.00, 26.20, 94.84
0.00, 26.40, 95.89
0.00, 26.60, 95.89
0.00, 26.80, 95.89
0.00, 27.00, 95.89
0.00, 27.20, 95.89
0.00, 27.40, 96.51
0.00, 27.60, 93.28
0.00, 27.80, 99.55
0.00, 28.00, 99.80
0.00, 28.20, 123.47
0.00, 28.40, 120.07
0.00, 28.60, 120.07
0.00, 28.80, 120.07
0.00, 29.00, 120.07
0.00, 29.20, 120.07
0.00, 29.40, 120.07
0.00, 29.60, 120.16
0.00, 29.80, 120.16
0.00, 30.00, 120.16
0.00, 30.20, 120.16
0.00, 30.40, 120.49
0.00, 30.60, 120.49
0.00, 30.80, 120.49
0.00, 31.00, 121.01
0.00, 31.20, 121.01
0.00, 31.40, 121.01
0.00, 31.60, 121.01
0.00, 31.80, 121.74
0.00, 32.00, 121.74
0.00, 32.20, 121.36
0.00, 32.40, 121.36
0.00, 32.60, 121.36
0.00, 32.80, 121.81
0.00, 33.00, 121.81
0.00, 33.20, 121.81
0.00, 33.40, 121.81
0.00, 33.60, 124.35
0.00, 33.80, 124.35
0.00, 34.00, 124.35
0.00, 34.20, 124.35
0.00, 34.40, 124.35
0.00, 34.60, 124.35
0.00, 34.80, 113.63
0.00, 35.00, 113.63
0.00, 35.20, 113.63
0.00, 35.40, 113.63
0.00, 35.60, 113.63
0.00, 35.80, 113.69
0.00, 36.00, 113.69
0.00, 36.20, 113.69
0.00, 36.40, 113.69
0.00, 36.60, 113.69
0.00, 36.80, 113.69
0.00, 37.00, 113.69
0.00, 37.20, 113.69
0.00, 37.40, 113.69
0.00, 37.60, 113.69
0.00, 37.80, 113.69
0.00, 38.00, 113.69
0.00, 38.20, 113.69
0.00, 38.40, 113.69
0.00, 38.60, 113.69
0.00, 38.80, 113.69
0.00, 39.00, 113.69
0.00, 39.20, 113.69
0.00, 39.40, 113.73
0.00, 39.60, 113.73
0.00, 39.80, 113.85
0.00, 40.00, 113.85
0.00, 40.20, 113.85
0.00, 40.40, 113.85
0.00, 40.60, 113.90
0.00, 40.80, 113.90
0.00, 41.00, 113.90
0.00, 41.20, 113.90
0.00, 41.40, 113.90
0.00, 41.60, 91.36
0.00, 41.80, 91.36
0.00, 42.00, 91.59
0.00, 42.20, 91.59
0.00, 42.40, 91.59
0.00, 42.60, 91.59
0.00, 42.80, 91.59
0.00, 43.00, 91.59
0.00, 43.20, 91.65
0.00, 43.40, 91.65
0.00, 43.60, 91.65
0.00, 43.80, 91.65
0.00, 44.00, 91.65
0.00, 44.20, 91.65
0.00, 44.40, 91.65
0.00, 44.60, 91.65
0.00, 44.80, 91.65
0.00, 45.00, 91.65
0.00, 45.20, 91.65
0.00, 45.40, 87.11
0.00, 45.60, 87.11
0.00, 45.80, 87.16
0.00, 46.00, 87.16
0.00, 46.20, 87.16
0.00, 46.40, 87.16
0.00, 46.60, 87.16
0.00, 46.80, 87.16
0.00, 47.00, 87.16
0.00, 47.20, 87.14
0.00, 47.40, 87.14
0.00, 47.60, 87.14
0.00, 47.80, 85.50
0.00, 48.00, 85.48
0.00, 48.20, 85.48
0.00, 48.40, 85.48
0.00, 48.60, 85.48
0.00, 48.80, 85.48
0.00, 49.00, 85.48
0.00, 49.20, 85.48
0.00, 49.40, 85.48
0.00, 49.60, 85.48
0.00, 49.80, 85.48
0.00, 50.00, 85.48
0.00, 50.20, 85.38
0.00, 50.40, 85.38
0.00, 50.60, 85.38
0.00, 50.80, 85.38
0.00, 51.00, 85.38
0.00, 51.20, 85.38
0.00, 51.40, 85.38
0.00, 51.60, 85.38
0.00, 51.80, 85.38
0.00, 52.00, 85.38
0.00, 52.20, 85.38
0.00, 52.40, 94.24
0.00, 52.60, 94.24
0.00, 52.80, 94.24
0.00, 53.00, 94.23
0.00, 53.20, 94.23
0.00, 53.40, 94.23
0.00, 53.60, 94.23
0.00, 53.80, 94.23
0.00, 54.00, 94.23
0.00, 54.20, 94.23
0.00, 54.40, 94.23
0.00, 54.60, 94.23
0.00, 54.80, 94.23
0.00, 55.00, 94.23
0.00, 55.20, 94.23
0.00, 55.40, 94.23
0.00, 55.60, 94.17
0.00, 55.80, 94.17
0.00, 56.00, 94.06
0.00, 56.20, 94.06
0.00, 56.40, 94.06
0.00, 56.60, 94.06
0.00, 56.80, 94.06
0.00, 57.00, 94.06
0.00, 57.20, 94.06
0.00, 57.40, 94.06
0.00, 57.60, 94.06
0.00, 57.80, 94.06
0.00, 58.00, 94.06
0.00, 58.20, 94.06
0.00, 58.40, 94.06
0.00, 58.60, 94.06
0.00, 58.80, 94.06
0.00, 59.00, 94.06
0.00, 59.20, 93.96
0.00, 59.40, 93.96
0.00, 59.60, 93.96
0.00, 59.80, 93.96
0.00, 60.00, 93.96
0.00, 60.20, 93.96
0.00, 60.40, 93.96
0.00, 60.60, 93.96
0.00, 60.80, 93.95
0.00, 61.00, 93.95
0.00, 61.20, 93.95
0.00, 61.40, 93.95
0.00, 61.60, 93.95
0.00, 61.80, 93.95
0.00, 62.00, 93.95
0.00, 62.20, 93.74
0.00, 62.40, 93.74
0.00, 62.60, 93.74
0.00, 62.80, 93.74
0.00, 63.00, 93.74
0.00, 63.20, 93.74
0.00, 63.40, 93.74
0.00, 63.60, 93.74
0.00, 63.80, 93.74
0.00, 64.00, 93.74
0.00, 64.20, 93.74
0.00, 64.40, 93.68
0.00, 64.60, 93.68
0.00, 64.80, 93.68
0.00, 65.00, 93.68
0.00, 65.20, 93.68
0.00, 65.40, 93.68
0.00, 65.60, 94.27
0.00, 65.80, 94.27
0.00, 66.00, 94.27
0.00, 66.20, 94.27
0.00, 66.40, 93.11
0.00, 66.60, 93.11
0.00, 66.80, 93.11
0.00, 67.00, 93.11
0.00, 67.20, 93.11
0.00, 67.40, 93.11
0.00, 67.60, 92.90
0.00, 67.80, 92.90
0.00, 68.00, 92.90
0.00, 68.20, 92.90
0.00, 68.40, 92.90
0.00, 68.60, 92.90
0.00, 68.80, 92.90
0.00, 69.00, 92.90
0.00, 69.20, 92.90
0.00, 69.40, 92.90
0.00, 69.60, 92.90
0.00, 69.80, 92.90
0.00, 70.00, 92.90
0.00, 70.20, 92.90
0.00, 70.40, 92.90
0.00, 70.60, 92.90
0.00, 70.80, 92.90
0.00, 71.00, 92.90
0.00, 71.20, 92.90
0.00, 71.40, 92.90
0.00, 71.60, 92.90
0.00, 71.80, 92.48
0.00, 72.00, 92.48
0.00, 72.20, 92.48
0.00, 72.40, 91.83
0.00, 72.60, 91.83
0.00, 72.80, 91.83
0.00, 73.00, 91.51
0.00, 73.20, 96.49
0.00, 73.40, 96.49
0.00, 73.60, 96.49
0.00, 73.80, 96.49
0.00, 74.00, 88.49
0.00, 74.20, 88.49
0.00, 74.40, 88.49
0.00, 74.60, 88.49
0.00, 74.80, 88.49
0.00, 75.00, 88.49
0.00, 75.20, 88.49
0.00, 75.40, 88.49
0.00, 75.60, 88.49
0.00, 75.80, 88.49
0.00, 76.00, 88.49
0.00, 76.20, 86.73
0.00, 76.40, 86.73
0.00, 76.60, 86.73
0.00, 76.80, 86.73
0.00, 77.00, 86.73
0.00, 77.20, 86.73
0.00, 77.40, 86.73
0.00, 77.60, 86.73
0.00, 77.80, 86.73
0.00, 78.00, 86.73
0.00, 78.20, 86.73
0.00, 78.40, 86.73
0.00, 78.60, 86.73
0.00, 78.80, 86.73
0.00, 79.00, 86.73
0.00, 79.20, 86.38
0.00, 79.40, 86.38
0.00, 79.60, 86.38
0.00, 79.80, 86.38
0.00, 80.00, 86.38
0.00, 80.20, 86.38
0.00, 80.40, 86.38
0.00, 80.60, 85.42
0.00, 80.80, 85.41
0.00, 81.00, 85.41
0.00, 81.20, 85.31
0.00, 81.40, 85.31
0.00, 81.60, 85.31
0.00, 81.80, 84.95
0.00, 82.00, 84.95
0.00, 82.20, 84.95
0.00, 82.40, 84.95
0.00, 82.60, 84.95
0.00, 82.80, 84.95
0.00, 83.00, 84.95
0.00, 83.20, 84.95
0.00, 83.40, 84.95
0.00, 83.60, 84.95
0.00, 83.80, 84.95
0.00, 84.00, 84.95
0.00, 84.20, 84.95
0.00, 84.40, 84.95
0.00, 84.60, 84.95
0.00, 84.80, 84.95
0.00, 85.00, 84.95
0.00, 85.20, 84.95
0.00, 85.40, 84.95
0.00, 85.60, 84.95
0.00, 85.80, 84.95
0.00, 86.00, 84.84
0.00, 86.20, 84.84
0.00, 86.40, 84.84
0.00, 86.60, 84.84
0.00, 86.80, 84.84
0.00, 87.00, 84.84
0.00, 87.20, 84.84
0.00, 87.40, 84.84
0.00, 87.60, 84.84
0.00, 87.80, 84.84
0.00, 88.00, 84.84
0.00, 88.20, 84.84
0.00, 88.40, 84.84
0.00, 88.60, 84.84
0.00, 88.80, 84.84
0.00, 89.00, 84.84
0.00, 89.20, 84.84
0.00, 89.40, 84.84
0.00, 89.60, 84.84
0.00, 89.80, 84.84
0.00, 90.00, 84.84
0.00, 90.20, 84.84
0.00, 90.40, 84.84
0.00, 90.60, 84.84
0.00, 90.80, 84.84
0.00, 91.00, 84.84
0.00, 91.20, 84.84
0.00, 91.40, 84.84
0.00, 91.60, 84.84
0.00, 91.80, 84.84
0.00, 92.00, 84.84
0.00, 92.20, 84.84
0.00, 92.40, 84.84
0.00, 92.60, 84.84
0.00, 92.80, 84.84
0.00, 93.00, 84.84
0.00, 93.20, 84.84
0.00, 93.40, 84.84
0.00, 93.60, 84.84
0.00, 93.80, 84.84
0.00, 94.00, 84.84
0.00, 94.20, 84.84
0.00, 94.40, 84.84
0.00, 94.60, 84.84
0.00, 94.80, 84.84
0.00, 95.00, 84.84
0.00, 95.20, 84.84
0.00, 95.40, 83.75
0.00, 95.60, 83.75
0.00, 95.80, 83.75
0.00, 96.00, 83.75
0.00, 96.20, 83.75
0.00, 96.40, 83.75
0.00, 96.60, 83.75
0.00, 96.80, 83.75
0.00, 97.00, 83.75
0.00, 97.20, 83.75
0.00, 97.40, 83.75
0.00, 97.60, 83.75
0.00, 97.80, 83.75
0.00, 98.00, 94.60
0.00, 98.20, 94.60
0.00, 98.40, 94.60
0.00, 98.60, 94.60
0.00, 98.80, 94.60
0.00, 99.00, 94.60
0.00, 99.20, 94.60
0.00, 99.40, 94.60
0.00, 99.60, 94.60
0.00, 99.80, 94.60
0.00, 100.00, 94.60
0.00, 100.20, 94.60
0.00, 100.40, 94.60
0.00, 100.60, 94.60
0.00, 100.80, 94.60
0.00, 101.00, 94.60
0.00, 101.20, 94.60
0.00, 101.40, 94.60
0.00, 101.60, 94.60
0.00, 101.80, 94.60
0.00, 102.00, 94.60
0.00, 102.20, 94.60
0.00, 102.40, 94.60
0.00, 102.60, 94.60
0.00, 102.80, 94.60
0.00, 103.00, 94.60
0.00, 103.20, 94.60
0.00, 103.40, 94.60
0.00, 103.60, 94.60
0.00, 103.80, 94.60
0.00, 104.00, 94.60
0.00, 104.20, 94.60
0.00, 104.40, 94.60
0.00, 104.60, 94.42
0.00, 104.80, 94.42
0.00, 105.00, 94.42
0.00, 105.20, 94.42
0.00, 105.40, 94.42
0.00, 105.60, 94.42
0.00, 105.80, 94.42
Minimum trial:
RMS: 83.75066479026188
Dist: 0.0Rot: 95.4